%YAML:1.0
---
point2: []
point1: []
x_temp2: []
y_temp2: []
partner2: []
partner1: []
x_temp1: []
y_temp1: []
a1: 1
a2: 3000
b1: 101
b2: 3800
tRI: 6.5000000000000002e-01
ix: [ 2972, 3016, 3060, 3104, 2710, 2754, 2797, 2841, 2885, 2928, 2453,
    2495, 2538, 2581, 2624, 2667, 2241, 2283, 2325, 2368, 2410, 1948,
    1990, 2031, 2073, 2115, 2156, 2198, 2972, 3016, 3060, 3104, 1700,
    1741, 1782, 1823, 1865, 1906, 2710, 2753, 2797, 2841, 2884, 2928,
    1537, 1577, 1618, 1659, 2452, 2495, 2538, 2581, 2624, 2667, 2198,
    2240, 2282, 2325, 2367, 2410, 1947, 1989, 2031, 2072, 2114, 2156,
    2971, 3015, 3059, 3103, 1658, 1699, 1740, 1781, 1823, 1864, 1906,
    2710, 2753, 2797, 2840, 2884, 2927, 1536, 1576, 1617, 2452, 2494,
    2537, 2580, 2623, 2666, 2197, 2239, 2281, 2324, 2366, 2409, 1905,
    1947, 1988, 2030, 2072, 2113, 2155, 2971, 3015, 3059, 3103, 1617,
    1658, 1699, 1740, 1781, 1822, 1864, 2709, 2753, 2796, 2840, 2883,
    2927, 1536, 1576, 2451, 2494, 2537, 2580, 2623, 2666, 2155, 2196,
    2239, 2281, 2323, 2366, 2408, 1863, 1904, 1946, 1988, 2030, 2071,
    2113, 2971, 3014, 3059, 3103, 1575, 1616, 1657, 1698, 1739, 1780,
    1822, 2709, 2752, 2796, 2839, 2883, 2927, 1535, 2408, 2450, 2493,
    2536, 2579, 2622, 2666, 2154, 2196, 2238, 2281, 2323, 2365, 1862,
    1904, 1946, 1987, 2029, 2071, 2112, 3014, 3058, 3102, 1534, 1574,
    1615, 1656, 1697, 1738, 1780, 1821, 2708, 2752, 2795, 2838, 2882,
    2926, 2970, 2407, 2450, 2493, 2536, 2579, 2622, 2665, 2112, 2154,
    2195, 2238, 2280, 2322, 2365, 1820, 1862, 1903, 1945, 1987, 2028,
    2070, 3014, 3058, 3102, 1534, 1574, 1615, 1656, 1697, 1738, 1779,
    2708, 2751, 2794, 2838, 2882, 2926, 2970, 2406, 2449, 2492, 2535,
    2578, 2622, 2665, 2111, 2153, 2195, 2237, 2279, 2322, 2364, 1778,
    1820, 1861, 1903, 1944, 1986, 2028, 2069, 3013, 3057, 3102, 1533,
    1573, 1614, 1655, 1696, 1737, 2707, 2750, 2794, 2838, 2881, 2925,
    2969, 2406, 2449, 2492, 2535, 2578, 2621, 2664, 2069, 2110, 2152,
    2194, 2236, 2279, 2321, 2363, 1778, 1819, 1861, 1902, 1944, 1985,
    2027, 3013, 3057, 3101, 1532, 1573, 1613, 1654, 1695, 1736, 2707,
    2750, 2793, 2837, 2881, 2925, 2969, 2363, 2406, 2449, 2491, 2534,
    2577, 2620, 2663, 2068, 2110, 2152, 2194, 2236, 2278, 2320, 1736,
    1777, 1818, 1860, 1901, 1943, 1984, 2026, 3012, 3057, 3101, 1532,
    1572, 1613, 1654, 1695, 2706, 2749, 2793, 2837, 2880, 2924, 2968,
    2362, 2405, 2448, 2491, 2534, 2577, 2620, 2663, 2026, 2067, 2109,
    2151, 2193, 2235, 2278, 2320, 1694, 1735, 1776, 1818, 1859, 1901,
    1942, 1984, 3012, 3056, 3100, 1531, 1571, 1612, 1653, 2706, 2749,
    2792, 2836, 2880, 2924, 2968, 2362, 2405, 2447, 2490, 2533, 2576,
    2619, 2662, 1983, 2025, 2067, 2109, 2151, 2193, 2235, 2277, 2319,
    1611, 1652, 1693, 1734, 1776, 1817, 1858, 1900, 1942, 3056, 3100,
    1531, 1570, 2705, 2749, 2792, 2836, 2880, 2923, 2967, 3011, 2319,
    2361, 2404, 2447, 2490, 2532, 2576, 2618, 2662, 1983, 2024, 2066,
    2108, 2150, 2192, 2234, 2276, 1570, 1611, 1652, 1693, 1734, 1775,
    1816, 1858, 1899, 1941, 3055, 3100, 1530, 2705, 2748, 2792, 2835,
    2879, 2923, 2967, 3011, 2318, 2361, 2404, 2446, 2489, 2532, 2575,
    2618, 2661, 1940, 1982, 2024, 2066, 2107, 2149, 2191, 2234, 2276,
    1529, 1569, 1610, 1651, 1692, 1733, 1775, 1816, 1857, 1899, 3055,
    3099, 2704, 2748, 2791, 2835, 2879, 2923, 2966, 3010, 2275, 2318,
    2360, 2403, 2446, 2488, 2531, 2574, 2617, 2661, 1898, 1940, 1981,
    2023, 2065, 2107, 2149, 2191, 2233, 1528, 1568, 1609, 1650, 1691,
    1733, 1774, 1815, 1857, 3099, 2704, 2747, 2791, 2835, 2878, 2922,
    2966, 3010, 3054, 2275, 2317, 2360, 2403, 2445, 2488, 2531, 2574,
    2617, 2660, 1856, 1898, 1939, 1981, 2022, 2064, 2106, 2148, 2190,
    2233, 1568, 1609, 1650, 1691, 1732, 1773, 1815, 3099, 2703, 2747,
    2790, 2834, 2878, 2921, 2966, 3010, 3054, 2274, 2317, 2360, 2402,
    2445, 2488, 2530, 2573, 2617, 2660, 1814, 1855, 1897, 1939, 1980,
    2022, 2064, 2105, 2147, 2190, 2232, 1527, 1567, 1608, 1649, 1690,
    1731, 1773, 2703, 2746, 2790, 2834, 2877, 2921, 2965, 3009, 3054,
    3098, 2232, 2274, 2316, 2359, 2402, 2444, 2487, 2530, 2573, 2616,
    2659, 1772, 1813, 1855, 1896, 1938, 1979, 2021, 2063, 2105, 2147,
    2189, 1566, 1607, 1648, 1690, 1731, 2702, 2746, 2789, 2833, 2877,
    2921, 2965, 3009, 3053, 3098, 2231, 2273, 2316, 2359, 2401, 2444,
    2486, 2529, 2572, 2616, 2659, 1730, 1771, 1813, 1854, 1896, 1937,
    1979, 2021, 2062, 2104, 2146, 2189, 1566, 1606, 1648, 1689, 2702,
    2745, 2789, 2833, 2877, 2921, 2965, 3009, 3053, 3098, 2188, 2231,
    2273, 2316, 2358, 2401, 2443, 2486, 2529, 2572, 2615, 2658, 1688,
    1729, 1770, 1812, 1853, 1895, 1936, 1978, 2020, 2062, 2104, 2146,
    1525, 1565, 1606, 1647, 2701, 2745, 2789, 2832, 2876, 2920, 2964,
    3009, 3053, 3097, 2145, 2188, 2230, 2272, 2315, 2357, 2400, 2443,
    2486, 2528, 2572, 2615, 2658, 1646, 1687, 1728, 1770, 1811, 1853,
    1894, 1936, 1978, 2019, 2061, 2103, 1564, 1605, 2701, 2744, 2788,
    2832, 2876, 2920, 2964, 3008, 3052, 3097, 2145, 2187, 2230, 2272,
    2314, 2357, 2400, 2442, 2485, 2528, 2571, 2614, 2657, 1563, 1604,
    1645, 1686, 1728, 1769, 1811, 1852, 1893, 1935, 1977, 2019, 2061,
    2103, 2700, 2744, 2788, 2832, 2876, 2920, 2964, 3008, 3052, 3097,
    2102, 2144, 2187, 2229, 2271, 2314, 2356, 2399, 2442, 2485, 2528,
    2570, 2614, 2657, 1523, 1563, 1603, 1644, 1686, 1727, 1768, 1810,
    1851, 1893, 1934, 1976, 2018, 2060, 2700, 2744, 2787, 2831, 2875,
    2919, 2963, 3008, 3052, 3096, 2060, 2102, 2144, 2186, 2228, 2271,
    2313, 2356, 2398, 2441, 2484, 2527, 2570, 2613, 2657, 1562, 1603,
    1644, 1685, 1726, 1768, 1809, 1851, 1892, 1934, 1976, 2018, 2743,
    2787, 2831, 2875, 2919, 2963, 3007, 3052, 3096, 2017, 2059, 2101,
    2143, 2186, 2228, 2270, 2313, 2355, 2398, 2441, 2484, 2527, 2570,
    2613, 2656, 2700, 1561, 1602, 1643, 1684, 1725, 1767, 1808, 1850,
    1891, 1933, 1975, 2743, 2787, 2831, 2875, 2919, 2963, 3007, 3051,
    3096, 1974, 2016, 2058, 2101, 2143, 2185, 2227, 2270, 2312, 2355,
    2398, 2440, 2483, 2526, 2569, 2612, 2656, 2699, 1560, 1601, 1642,
    1683, 1725, 1766, 1808, 1849, 1891, 1933, 2786, 2830, 2874, 2918,
    2962, 3007, 3051, 3095, 3139, 1932, 1974, 2016, 2058, 2100, 2142,
    2184, 2227, 2269, 2312, 2354, 2397, 2440, 2483, 2526, 2569, 2612,
    2655, 2699, 2743, 1559, 1600, 1641, 1683, 1724, 1765, 1807, 1849,
    1890, 2830, 2874, 2918, 2962, 3006, 3051, 3095, 3139, 1931, 1973,
    2015, 2057, 2099, 2142, 2184, 2226, 2269, 2311, 2354, 2397, 2439,
    2482, 2525, 2568, 2612, 2655, 2698, 2742, 2786, 1559, 1600, 1641,
    1682, 1723, 1765, 1806, 1848, 1890, 2873, 2918, 2962, 3006, 3050,
    3095, 3139, 1889, 1931, 1973, 2015, 2057, 2099, 2141, 2183, 2226,
    2268, 2311, 2353, 2396, 2439, 2482, 2525, 2568, 2611, 2655, 2698,
    2742, 2786, 2830, 1558, 1599, 1640, 1681, 1723, 1764, 1806, 1847,
    2830, 2873, 2917, 2961, 3006, 3050, 3095, 1763, 1805, 1847, 1888,
    1930, 1972, 2014, 2056, 2098, 2140, 2183, 2225, 2268, 2310, 2353,
    2396, 2438, 2481, 2524, 2567, 2611, 2654, 2698, 2741, 2785, 1557,
    1598, 1639, 1680, 1722 ]
